INSTANCE=0
LAT=-34.354626
LON=18.482733
ALT=120
DIR=180
MODEL=hexa
SPEEDUP=2
VEHICLE=ArduCopter
